,answer,token_usage
0,3.0,166
1,3.0,125
2,3.0,124

