,answer,token_usage
0,No,209

