,answer,token_usage
0,2.0,172
1,2.0,143
2,2.0,94
3,2.0,174
4,2.0,143
5,2.0,207
6,2.0,143
7,2.0,164
8,2.0,120

