,answer,token_usage
0,4.0,97
1,4.0,147
2,4.0,118

