,answer,token_usage
0,3.0,140
1,1.0,154
2,1.0,185
3,3.0,163
4,1.0,151
5,3.0,161
6,1.0,213
7,1.0,215
8,3.0,155
9,1.0,148
10,3.0,112
11,3.0,145
12,1.0,195
13,3.0,187
14,1.0,176
15,3.0,166
16,3.0,106
17,1.0,166
18,5.0,152
19,1.0,156
20,1.0,134
21,3.0,149
22,3.0,217
23,3.0,148
24,1.0,156
25,3.0,141
26,1.0,154
27,1.0,181
28,1.0,172
29,1.0,114
30,1.0,154
31,3.0,142
32,1.0,139
33,5.0,167
34,3.0,146
35,3.0,199
36,1.0,168
37,3.0,162
38,1.0,171
39,1.0,198

