,answer,token_usage
0,20.0,115
1,20.0,134
2,20.0,104

