,answer,token_usage
0,3.0,96
1,3.0,182
2,3.0,219
3,3.0,132

