,answer,token_usage
0,B,593
1,C,657
2,D,657
3,D,916
4,D,721
5,D,529
6,B,849
7,D,337
8,D,980
9,D,594
10,C,2516
11,B,1236
12,B,785
13,D,849
14,B,721
15,D,337
16,B,1042
17,D,529
18,D,465
19,D,660
20,B,529
21,D,145
22,B,1169
23,D,145
24,C,722
25,D,338
26,D,404
27,D,593
28,B,663
29,D,274
30,D,209
31,B,337
32,D,404
33,D,274
34,D,722
35,D,401
36,D,401
37,D,785
38,B,1108
39,D,593

