,answer,token_usage
0,5.0,103
1,5.0,107
2,5.0,105

