,answer,token_usage
0,149.0,2193
1,113.0,3348
2,29.0,4055
3,67.0,2964
4,57.0,2899
5,1.0,3409
6,113.0,3540
7,23.0,4053
8,219.0,4375
9,113.0,1810
10,113.0,3026

