,answer,token_usage
0,No,81
1,No,465
2,No,465

