,answer,token_usage
0,No,81
1,No,81
2,No,273
3,No,465

