,answer,token_usage
0,No,209
1,No,401
2,No,273
3,No,337

