,answer,token_usage
0,No,209
1,No,721
2,No,657
3,No,593
4,No,657
5,No,1105
6,No,593
7,No,914
8,No,721
9,No,721
10,No,593
11,No,657
12,No,657
13,No,721
14,No,593
15,No,529
16,No,593
17,No,84
18,No,657
19,No,849
20,No,721
21,No,593
22,No,721
23,No,593
24,No,534
25,No,465
26,No,593
27,No,721
28,No,529
29,No,657
30,No,657
31,No,849
32,No,657
33,No,657
34,No,721
35,No,593
36,No,721
37,No,593
38,No,529
39,No,913

