,answer,token_usage
0,1.0,150
1,1.0,175
2,1.0,219

